%YAML:1.0
---
K: !!opencv-matrix
   rows: 3
   cols: 3
   dt: d
   data: [ 936.98858085001928, 0., 582.47878540852719, 0.,
       953.81830083904447, 374.27970112895781, 0., 0., 1. ]
dist: !!opencv-matrix
   rows: 5
   cols: 1
   dt: d
   data: [ 0.061410557638666818, -0.20664485060645363,
       -0.0086553525614708748, -0.0015110460762550993,
       0.12647258437316744 ]
image_width: 1280
image_height: 720
reprojection_error: 0.096740040013606421
