%YAML:1.0
---
K: !!opencv-matrix
   rows: 3
   cols: 3
   dt: d
   data: [ 973.59075975697465, 0., 658.58494164941521, 0.,
       976.41899252353585, 344.25260879534824, 0., 0., 1. ]
dist: !!opencv-matrix
   rows: 5
   cols: 1
   dt: d
   data: [ 0.031799960398355538, -0.38654209810632556,
       -0.0064818482835853489, 0.008926804378785607, 0.67739485113626774 ]
image_width: 1280
image_height: 720
reprojection_error: 0.037697226790059352
