%YAML:1.0
---
R: !!opencv-matrix
   rows: 3
   cols: 3
   dt: d
   data: [ 0.99789420455037736, 0.0055976344416446269,
       -0.06462060827187692, -0.0062082217028705646, 0.99993792851558294,
       -0.0092518700408611813, 0.064564808588407199,
       0.0096335665577547969, 0.99786701513143505 ]
T: !!opencv-matrix
   rows: 3
   cols: 1
   dt: d
   data: [ 0.094297505530574033, 0.00064204320518452434,
       0.013850736109515874 ]
E: !!opencv-matrix
   rows: 3
   cols: 3
   dt: d
   data: [ 0.00012744183716405574, -0.013843691207815189,
       0.00076881894719840489, 0.0077332688974967511,
       -0.00083088993827027909, -0.094991413370544064,
       -0.0012261110138860525, 0.094288058421270554,
       -0.00083093904389041002 ]
F: !!opencv-matrix
   rows: 3
   cols: 3
   dt: d
   data: [ -2.2760548754243822e-08, 2.4287972128733528e-06,
       -0.0010244476726541962, -1.3771271538419876e-06,
       1.4535269123313789e-07, 0.016597756151624336,
       0.0007022643342242974, -0.017755043395697067, 1. ]
image_width: 1280
image_height: 720
